


Re=10, We=0.75, Ma=0.01lambda=0.05, t=0.0023447299461----- psi_min=4.03311784939e-06---[[ 0.79378463 -0.27625785]]
Re=10, We=0.75, Ma=0.01lambda=0.1, t=0.0023447299461----- psi_min=5.6212790093e-06---[[ 0.73786314 -0.56591397]]
